0 20
0 22
0 24
0 26
0 28
0 30
0 32
0 34
0 36
0 38
0 40
0 42
0 44
0 46
0 48
0 50
0 52
0 54
0 56
0 58
0 60
0 62
0 64
0 66
0 68

1 92
1 94
1 96
1 98
1 100
1 102
1 104
1 106
1 108
1 110
0 112
0 114
0 116
0 118
0 120
0 122
0 124
0 126
0 128
0 130
0 132
0 134
0 136
0 138
0 140
0 142
0 144
0 146
0 148
0 150

3 174
3 176
3 178
3 180
3 182
3 184
3 186
3 188
3 190
3 192
3 194
3 196
3 198
3 200
3 202

4 226
4 228
4 230
4 232
4 234
4 236
4 238
4 240
4 242
4 244
4 246
4 248
4 250
4 252
4 254

5 278