0 20
0 22
0 24
0 26
0 28
0 30
0 32
0 34
0 36
0 38
3 40
3 42
3 44
3 46
3 48
3 50
3 52
3 54
3 56
3 58

1 82
1 84
1 86
1 88
1 90
1 92
1 94
1 96
1 98
1 100
1 102
1 104
1 106
1 108
1 110
1 112
1 114
1 116
1 118
1 120
4 122
4 124
4 126
4 128
4 130
4 132
4 134
4 136
4 138
4 140

2 164
2 165
2 166
2 167
2 168
2 169
2 170
2 171
2 172
2 173
2 174
2 174
2 176
2 177
2 178
2 179
2 180
2 181
2 182
2 183
2 184
2 185
2 186
2 187
2 188
2 189
2 190
2 191
2 192
2 193
2 194
2 195
2 196
2 197
2 198
2 199
2 200
2 201
2 202
2 203
2 204
2 205
2 206
2 207
2 208
2 209
2 210
2 211
2 212
2 213
2 214
2 215
2 216
2 217
2 218
2 219
2 220
2 221
2 222
2 223
2 224
2 225
2 226
2 227
2 228
2 229
2 230
2 231
2 232
2 233
2 234
2 235
2 236
2 237
2 238
2 239
2 240
2 241
2 242
2 243
2 244
2 245
2 246
2 247
2 248
2 249
2 250
2 251
2 252
2 253
2 254
2 255
2 256
2 257
2 258
2 259
2 260
2 261
2 262
2 263
2 264
2 265
2 266
2 267
2 268
2 269
2 290
2 291
2 292
2 293
2 294
2 295
2 296
2 297
2 298
2 299
2 300
2 301
2 302
2 303
2 304
2 305
2 306
2 307
2 308
2 309
2 310
2 311
2 312
2 313
2 314
2 315
2 316
2 317
2 318
2 319
2 320
2 321
2 322
2 323
2 324
2 325
2 326
2 327
2 328
2 329
2 330
2 331
2 332
2 333

3 357
3 359
3 361
3 363
3 365
3 367
3 369
3 371
3 373
3 375
3 377
3 379
3 381
3 383
3 385
3 387
3 389
3 391
3 393
3 395
3 397
3 399
3 401
3 403
3 405
3 407
3 409
3 411
3 413
3 415
3 417
3 419
3 421
3 423
3 425
3 427
3 429
3 431
3 433
3 435
3 437
4 439
4 451
4 453
4 455
4 457
4 459
4 461
4 463
4 465
4 467
4 469
4 471
4 473
4 475
4 477
4 479
4 481
4 483
4 485
4 487

5 511
5 515
5 519
5 523