0 20
0 22
0 24
0 26
0 28
0 30
0 32
0 34
0 36
0 38
0 40
0 42
0 44
0 46
0 48
0 50
0 52
0 54
0 56
0 58
0 60
0 62
0 64
0 66
0 68
0 70
0 72
0 74
0 76
0 78

2 102
2 103
2 104
2 105
2 106
2 107
2 108
2 109
2 110
2 111
2 112
2 113
2 114
2 115
2 116
2 117
2 118
2 119
2 120
2 121
2 122
2 123
2 124
2 125
2 126
2 127
2 128
2 129
2 130
2 131
2 132
2 133
2 134
2 135
2 136
2 137
2 138
2 139
2 140
2 141
2 142
2 143
2 144
2 145
2 146
2 147
2 148
2 149
2 150
2 151
2 152
2 153
2 154
2 155
2 156
2 157
2 158
2 159
2 160
2 161
2 162
2 163
2 164
2 165
2 166
2 167
2 168
2 169
2 170
2 171
2 172
2 173
2 174
2 175
2 176
2 177
2 178
2 179
2 180
2 181
2 182
2 183
2 184
2 184
2 186
2 187
2 188
2 189
2 190
2 191
2 192
2 193
2 194
2 195
2 196
2 197
2 198
2 199
2 200
2 201

4 225
4 227
4 229
4 231
4 233
4 235
4 237
4 239
4 241
4 243
4 245
4 247
4 249
4 251
4 253
4 255
4 257
4 259
4 261
4 263
4 265
4 267
4 269
4 271
4 273

3 297
3 299
3 301
3 303
3 305
3 307
3 309
3 311
3 313
3 315
3 317
3 319
3 321
3 323
3 325
3 327
3 329
3 331
3 333
3 335
3 337
3 339
3 341
3 343
3 345
3 347
3 349
3 351
3 353
3 355
3 357
3 359
3 361
3 363
3 365
3 367
3 369
3 371
3 373
3 375

4 400
4 402
4 404
4 406
4 408
4 410
4 412
4 414
4 416
4 418
4 420
4 422
4 424
4 426
4 428
4 430
4 432
4 434
4 436
4 438
2 439
2 440
2 441
2 442
2 443
2 444
2 445
2 446
2 447
2 448
2 449
2 450
2 451
2 452
2 453
2 454
2 455
2 456
2 457
2 458
2 459
2 460
2 461
2 462
2 463
2 464
2 465
2 466
2 467
2 468
2 469
2 470
2 471
2 472
2 473
2 474
2 475
2 476
2 477
2 478
3 480
3 482
3 484
3 486
3 488
3 490
3 492
3 494
3 496
3 498
3 500
3 502
3 504
3 506
3 508
3 510
3 512
3 514
3 516
3 518
3 520
3 522
3 524
3 526
3 528
5 532
5 534