2100.0, 3600.0, 2100.0, 2400.0
-2100.0, 3600.0, -2100.0, 2400.0
0.0, 3600.0, 0.0, 2400.0
2100.0, 2400.0, 900.0, 2400.0, 2100.0, 3600.0
900.0, 2400.0, 0.0, 2400.0, 900.0, 1200.0, 2100.0, 2400.0
900.0, 1200.0, 2700.0, 1200.0, 900.0, 2400.0
2700.0, 1200.0, 2700.0, 300.0, 900.0, 1200.0
2700.0, 300.0, 2700.0, -900.0, 0.0, 300.0, 2700.0, 1200.0
2700.0, -900.0, 0.0, 900.0, 2700.0, 300.0
600.0, -1500.0, 600.0, -2700.0, 0.0, -1500.0
600.0, -2700.0, 0.0, -2700.0, 600.0, -1500.0
-2100.0, 2400.0, -900.0, 2400.0, -2100.0, 3600.0
-900.0, 2400.0, 0.0, 2400.0, -900.0, 1200.0, -2100.0, 2400.0
-900.0, 1200.0, -2700.0, 1200.0, -900.0, 2400.0
-2700.0, 1200.0, -2700.0, 300.0, -900.0, 1200.0
-2700.0, 300.0, -2700.0, -900.0, 0.0, 300.0, -2700.0, 1200.0
-2700.0, -900.0, 0.0, 900.0, -2700.0, 300.0
-600.0, -1500.0, -600.0, -2700.0, 0.0, -1500.0
-600.0, -2700.0, 0.0, -2700.0, -600.0, -1500.0
0.0, 2400.0, 900.0, 2400.0, -900.0, 2400.0, 0.0, 3600.0
0.0, 300.0, 0.0, -900.0, 2700.0, 300.0, -2700.0, 300.0
0.0, -900.0, 0.0, -1500.0, 2700.0, -900.0, -2700.0, -900.0, 0.0, 300.0
0.0, -1500.0, 600.0, -1500.0, -600.0, -1500.0, 0.0, -900.0
0.0, -2700.0, 0.0, -3600.0, 600.0, -2700.0 -600.0, -2700.0
0.0, -3600.0, 0.0, -2700.0