0 10
0 13
0 16
0 19
0 22

0 30.8
0 32.6
0 34.4
0 20
0 24
0 28
0 32
0 36

0 60
0 62
0 64
0 66
0 68
0 70
0 72
0 74
0 76
0 78

1 102
1 104
1 106
1 108
1 110
1 112
1 114
1 116
1 118
1 120

2 144
2 145
2 146
2 147
2 148
2 149
2 150
2 151
2 152
2 153
2 154
2 155
2 156
2 157
2 158
2 159
2 160
2 161
2 162
2 163
2 164
2 165
2 166
2 167
2 168
2 169
2 170
2 171
2 172
2 173
2 174
2 175
2 176
2 177
2 178
2 179
2 180
2 181
2 182
2 183

1 207
1 209
1 211
1 213
1 215
1 217
1 219
1 221
1 223
1 225
1 227
1 229
1 231
1 233
1 235
1 237
1 239
1 241
1 243
1 245
0 247
0 249
0 251
0 253
0 255
0 257
0 259
0 261
0 263
0 265
0 267
0 269
0 271
0 273
0 275
0 277
0 279
0 281
0 283
0 285
0 287
0 289
0 291
0 293
0 295
0 297
0 299
0 301
0 303
0 305

