0 20
0 22
0 24
0 26
0 28
0 30
0 32
0 34
0 36
0 38
0 40
0 42
0 44
0 46
0 48
0 50
0 52
0 54
0 56
0 58
3 60
3 62
3 64
3 66
3 68
3 70
3 72
3 74
3 76
3 78

2 102
2 103
2 104
2 105
2 106
2 107
2 108
2 109
2 110
2 111
2 112
2 113
2 114
2 115
2 116
2 117
2 118
2 119
2 120
2 121
2 122
2 123
2 124
2 125
2 126
2 127
2 128
2 129
2 130
2 131
2 132
2 133
2 134
2 135
2 136
2 137
2 138
2 139
2 140
2 141
5 145
2 149
2 150
2 151
2 152
2 153
2 154
2 155
2 156
2 157
2 158
2 159
2 160
2 161
2 162
2 163
2 164
2 165
2 166
2 167
2 168
2 169
2 170
2 171
2 172
2 173
2 174
2 175
2 176
2 177
2 178
2 179
2 180
2 181
2 182
2 183
2 184
2 185
2 186
2 187
2 188

1 212
1 214
1 216
1 218
1 220
1 222
1 224
1 226
1 228
1 230
4 232
4 234
4 236
4 238
4 240
4 242
4 244
4 246
4 248
4 250
4 252
4 254
4 256
4 258
4 260
4 262
4 264
4 266
4 268
4 270
4 272
4 274
4 276
4 278
4 280
4 282
4 284
4 286
4 288
4 290
4 292
4 294
4 296
4 298
4 300
4 302
4 304
4 306
4 308
4 310
4 312
4 314
4 316
4 318
4 320
4 322
4 324
4 326
4 328
4 330

3 354
3 356
3 358
3 360
3 362
3 364
3 366
3 368
3 370
3 372
3 374
3 376
3 378
3 380
3 382
3 384
3 386
3 388
3 390
3 392
3 394
3 396
3 398
3 400
3 402
3 404
3 406
3 408
3 410
3 412
3 414
3 416
3 418
3 420
3 422
3 424
3 426
3 428
3 430
3 432
3 434
3 436
3 438
3 440
3 442
3 444
3 446
3 448
3 450
3 452
3 454
3 456
3 458
3 460
3 462
3 464
3 466
3 468
3 470
3 472
5 476
3 480
3 482
3 484
3 486
3 488
3 490
3 492
3 494
3 496
3 498
3 500
3 502
3 504
3 506
3 508
3 510
3 512
3 514
3 516
3 518
3 520
3 522
3 524
3 526
3 528
3 530
3 532
3 534
3 536
3 538
3 540
3 542
3 544
3 546
3 548
3 550
3 552
3 554
3 556
3 558
3 560
3 562
3 564
3 566
3 568
3 570
3 572
3 574
3 576
3 578
3 580
3 582
3 584
3 586
3 588
3 590
3 592
3 594
3 596
3 598

5 622
5 626
5 630
5 634
5 638
5 642
5 646
5 650
5 654
5 658
5 662
5 666
5 670
5 674
5 778